X[0]=	0.001000	;Y[0]=	0.0061860	;Z[0]=	1887	;T[0]=	1887.0	;
X[1]=	0.001103	;Y[1]=	0.0072300	;Z[1]=	1495	;T[1]=	1495.0	;
X[2]=	0.001217	;Y[2]=	0.0084270	;Z[2]=	1185	;T[2]=	1185.0	;
X[3]=	0.001217	;Y[3]=	0.0084270	;Z[3]=	4356	;T[3]=	4356.0	;
X[4]=	0.001232	;Y[4]=	0.0085910	;Z[4]=	4651	;T[4]=	4651.0	;
X[5]=	0.001248	;Y[5]=	0.0087580	;Z[5]=	4966	;T[5]=	4966.0	;
X[6]=	0.001248	;Y[6]=	0.0087580	;Z[6]=	6650	;T[6]=	6650.0	;
X[7]=	0.001328	;Y[7]=	0.0096220	;Z[7]=	6074	;T[7]=	6074.0	;
X[8]=	0.001414	;Y[8]=	0.0105400	;Z[8]=	5549	;T[8]=	5549.0	;
X[9]=	0.001414	;Y[9]=	0.0105400	;Z[9]=	6282	;T[9]=	6282.0	;
X[10]=	0.001500	;Y[10]=	0.0114500	;Z[10]=	5470	;T[10]=	5470.0	;
X[11]=	0.002000	;Y[11]=	0.0166500	;Z[11]=	2706.000	;T[11]=	2706.0	;
X[12]=	0.003000	;Y[12]=	0.02603000	;Z[12]=	957.100	;T[12]=	957.1	;
X[13]=	0.004000	;Y[13]=	0.0342200	;Z[13]=	446.100	;T[13]=	446.2	;
X[14]=	0.005000	;Y[14]=	0.0416800	;Z[14]=	244.100	;T[14]=	244.10	;
X[15]=	0.006000	;Y[15]=	0.0485700	;Z[15]=	148.100	;T[15]=	148.20	;
X[16]=	0.008000	;Y[16]=	0.0607800	;Z[16]=	66.750	;T[16]=	66.81	;
X[17]=	0.010000	;Y[17]=	0.0711500	;Z[17]=	35.710	;T[17]=	35.78	;
X[18]=	0.011100	;Y[18]=	0.0761400	;Z[18]=	26.590	;T[18]=	26.67	;
X[19]=	0.011100	;Y[19]=	0.0761400	;Z[19]=	196.600	;T[19]=	196.70000	;
X[20]=	0.015000	;Y[20]=	0.0904900	;Z[20]=	90.400	;T[20]=	90.49000	;
X[21]=	0.020000	;Y[21]=	0.1027000	;Z[21]=	41.440	;T[21]=	41.54000	;
X[22]=	0.030000	;Y[22]=	0.1161000	;Z[22]=	13.350	;T[22]=	13.47000	;
X[23]=	0.040000	;Y[23]=	0.1223000	;Z[23]=	5.843	;T[23]=	5.96500	;
X[24]=	0.050000	;Y[24]=	0.124800	;Z[24]=	3.044	;T[24]=	3.16900	;
X[25]=	0.060000	;Y[25]=	0.125400	;Z[25]=	1.775000	;T[25]=	1.90000	;
X[26]=	0.080000	;Y[26]=	0.123900	;Z[26]=	0.751500	;T[26]=	0.87540	;
X[27]=	0.100000	;Y[27]=	0.121000	;Z[27]=	0.383500	;T[27]=	0.50450	;
X[28]=	0.150000	;Y[28]=	0.112500	;Z[28]=	0.112500	;T[28]=	0.22500	;
X[29]=	0.200000	;Y[29]=	0.104800	;Z[29]=	0.047320	;T[29]=	0.15210	;
X[30]=	0.300000	;Y[30]=	0.092310	;Z[30]=	0.014370	;T[30]=	0.10670	;
X[31]=	0.400000	;Y[31]=	0.083190	;Z[31]=	0.006412	;T[31]=	0.08960	;
X[32]=	0.500000	;Y[32]=	0.076200	;Z[32]=	0.003541	;T[32]=	0.07974	;
X[33]=	0.600000	;Y[33]=	0.070630	;Z[33]=	0.002238	;T[33]=	0.07287	;
X[34]=	0.800000	;Y[34]=	0.062180	;Z[34]=	0.001144	;T[34]=	0.06332	;
X[35]=	1.000000	;Y[35]=	0.055960	;Z[35]=	0.000712	;T[35]=	0.05667	;
X[36]=	1.022000	;Y[36]=	0.055370	;Z[36]=	0.00067660	;T[36]=	0.05605	;